1.3792175463383476
1.0925976509150472
1.751493921285791
1.630569635957597
1.2694958287994131
1.5292911388005384
1.6697335241600086
1.328518871780884
1.6356316054353373
1.3772933634865017
1.378337134699725
1.6043806567498464
1.3714866237725127
1.637945743047347
1.6330785267547923
1.5353121801433909
1.4644529587059139
1.28416485900223
1.3477088948787497
1.2634885944543441
1.8035828867732324
1.4282070900281134
1.5071590052751407
1.5536796312600794
1.5367614048417224
1.6643599222131409
1.9516537697734622
1.4787927673590775
1.3564404147852447
1.6706762897621592
1.5828773958226525
1.7915031564580426
1.5089421972256698
1.7356545521485995
1.3226184496903177
1.7022163551724616
1.3910801228220433
1.3281343118390165
1.5265080699106661
1.7094017094017522
1.6522026470024709
1.1654041455089603
1.5070415215920465
1.4659685863874647
1.302713987473904
1.430517711171667
1.437937586661307
1.734695647648403
1.4511310285957768
1.640604973083841
1.6109475142906755
1.6357966841036937
1.5980754360338443
1.3461303124070931
1.4587035981355685
1.3116703684919269
1.3367643618620821
1.6380872717132264
1.5047107706512022
1.720320218020779
1.4457084832108706
1.4562854319446832
1.4525445162172317
1.424453111751677
1.2078321963833194
1.3626798219891851
1.357773251866947
1.873991428224442
1.600605820697612
1.5680927220044782
1.506307663340277
1.757438663650676
1.5313935681470499
1.6589539858552778
1.6728687992899787
1.270755676042069
1.7231776091346298
1.6035312171319376
1.4866622742554423
1.3029429137278705
1.6407451717655805
1.6021270793565083
1.7058377558757152
2.1189752496744116
2.060927244072735
1.8993018307160434
1.8866641737771315
1.6451032473653022
1.7866526537047576
1.785838130244832
1.962809917355528
1.7268204277728099
1.469037866611411
1.7301331524044317
1.835370710253896
2.151952763747736
1.5190211494483539
2.0099272930649925
1.6592825741118529
1.4272784237276053
1.3243034834211322
1.6055566220485464
1.7847126612616309
1.400269681568335
2.068179826483273
2.0402958428973603
1.8228091897097818
1.6648457416368168
1.4205761035138162
1.790712634086234
1.516674903290731
1.3238289205703244
1.4930037151488538
1.4249363867684741
1.3135448652337722
1.4539358899798502
1.724911167074945
1.1519152740527194
1.7101325352715262
1.404689234184312
1.2802371807829949
1.3803098795679936
1.6875767080322688
1.3812631651646161
1.2893812666474942
1.5219138494160938
1.3688551237958941
1.4611840748126583
1.4895127907581376
1.4045656845988996
1.384733737926407
1.6718949291599936
1.2535632104955983
1.3968621705875885
1.7149900852136855
1.523481486388095
1.4943960149440076
1.63858452778979
1.4828097520604495
1.3777227463769952
1.5393203308694066
1.4958863126403903
1.7682546286667171
1.3297872340426682
1.4636304843597172
1.6037524358069535
1.4768792014667989
1.3768652221056774
1.3188900221574793
1.4364936192959055
1.6516823321075196
1.288283491076558
1.5953614437164376
1.4163580826266946
1.711603613777732
1.5594084308663947
1.4968514503974089
1.4556040756915825
1.421135538661813
1.5046956882686224
1.6415254090855775
1.4853513624258678
1.6001634209452997
1.1573668151370322
1.108812577575587
1.495924894253693
1.0326666896148986
1.5752299327564414
1.479448148016285
1.4190014190015523
1.8057436538530869
1.584049312143911
1.6700814379919755
1.167442100022404
1.411084665079999
1.4605730201594997
1.2509338568723818
1.3747687503183639
1.3543941625612634
1.4570512710631096
1.4562936449452062
1.6050279612767282
1.4862394724705814
1.2083255331098959
1.448516579406788
1.3992851844360146
1.4045184385867107
1.1901118705159162
1.4316392269149527
1.6090800560584622
1.303074918346352
1.295138119664015
1.4027884697631547
1.2216019952833657
1.4847429858694463
1.5250171350241164
1.5570873718466245
1.505259953320162
1.7404145350985882
1.5479612839574743
1.3093679323891072
1.403447977129125
1.560565196003705
1.6299499004873808
1.5848679563818022
1.3836692859584705
1.657000828500631
1.3956971677561112
1.5347052668295806
1.5334810018744314
1.864866264914774
1.5379094683961347
1.3771060371649584
1.460230200996551
1.6145654414291812
1.3373109762371582
1.9478728538924603
1.486834598295458
1.4888592257933135
1.4337041387412437
1.718774170261916
1.4813283726058866
1.3811689405424699
1.5406907430164858
1.2892696858425592
1.4231016840036632
1.5218097566815663
1.4919230373497465
1.550522648084174
1.7859644207874785
1.4578571300016496
1.7410126105778692
1.1430022860044695
nan
nan
nan
nan
nan
nan
nan
nan
nan
nan
nan
nan
nan
nan
nan
nan
nan
nan
nan
nan
nan
1.4792057802811067
1.5223896267524257
1.6004903630051832
2.2945276378441815
2.5601458932456573
2.786686997213368
2.9033960936124394
3.979759053501847
3.964552238806445
4.344284550638433
5.258188146859995
6.989853438558931
7.34748263062773
8.252935022667902
8.914052857397028
10.55424883903486
12.509642849699556
12.920005033776114
14.203084832910884
16.49305555556428
16.816669272181212
18.10089020772211
18.836526683160645
21.016012199783628
22.78909064178888
24.551989470511977
25.85382248768149
25.952140208991047
28.637101135783197
29.716903040700718
30.98757138059381
30.97345132747103
33.27652445194246
32.10376747985051
33.77017600189449
33.581764927691395
34.640195587518775
34.52816386250271
34.34202087345884
35.856693149478744
36.14966807490214
35.46862850653582
35.90800278784159
34.39271194994609
34.46736315747914
34.409819460202726
32.652944211955685
33.24107793156954
32.75668518467788
31.165540540575268
29.49326456147103
29.776470264815238
31.446896278954277
28.95322939870144
29.334858637059856
27.05556288769016
28.05262876397402
26.692486850023773
26.008204969426362
24.98151877437419
25.136025749100174
24.40684803711451
24.208378466887705
22.578117347438905
23.75040754395121
23.973546431523914
22.38732532965994
21.800145172996903
22.545933679819367
26.704054089468
28.696735069574554
31.132022313631545
32.92538263460744
32.47593044977889
33.216326767426374
35.29552883318058
34.10233658680732
33.289261054796675
31.15353835600995
28.194572341691543
25.633692967632815
23.514386597550367
22.71775286435924
19.1026417555796
16.596305479237778
13.327428776279962
11.55926695324902
10.006404098622967
7.681228996639355
6.676222088111344
5.078282550507972
3.644419036730109
3.9638925424766978
3.3584022579894235
2.3901898295690405
1.950139672165776
1.8197588394360737
1.5758233677095954
1.1101205994650987
1.0036232500382694
1.0174665083940786
0.9017914433865665
0.7814708278603133
0.7701193685021421
0.6483822861959124
1.0568662211918602
1.063610787071959
1.2101514418089834
1.3954270342973383
1.1570332306749802
1.375563121152649
1.2150035582247578
1.0895100609444317
1.158649832166194
1.1435203358877575
1.0984438711825075
1.2792304149823288
1.1165890780409924
1.272718016596241
1.3208202989225521
1.1552052188094317
1.232920670843982
1.0739650095270494
1.1062323428299503
0.966087014457991
0.9931870850829706
1.0964183666689495
1.1516380762487561
1.2490675363876866
1.2564918746859046
1.4432493728737563
1.0586347027285656
1.488298891473972
1.2992187364664132
1.3598361481382248
1.0802334698144356
1.26205260235255
1.0822876855954604
1.1962540159955586
1.4025488294778454
1.2897013051776751
1.1019099772939644
1.2835652307850975
1.3998653294113204
1.2694709394084673
1.2374748637918873
1.282768147880133
1.4861922372377099
1.64342989236439
1.0265267548719388
1.0864841373315781
1.3583799531716256
1.1815481562925312
1.1720143359434796
1.1817660450809515
1.3293397051894755
1.125185399867038
1.2424263053985718
1.0446994348347425
1.3645392520943842
1.198534749067309
1.3075493771935907
1.148183168985508
1.4192643764642447
1.3233348037053545
1.3488508828055834
1.1637245742570583
1.1809656130600545
1.1387614294805943
1.3704027271014174
1.4276511656249933
1.1645373073872847
1.5016552336098012
1.0683386458369488
1.3240815231966334
1.3563460038655868
1.1814461585877756
1.3847574110165435
1.1413945766464366
1.0402160965052243
1.4229194141736505
1.4427320252562708
1.083423618634884
1.3244805284162424
1.4686795546143738
1.395132537591132
1.3151203773519051
1.2486265108381012
1.4036048681125308
1.7114111362731186
1.3956373410525778
0.9524764387406527
1.3875327611902715
1.070774757348589
1.0124360899717753
1.3652231016486798
1.2141857366904256
1.4885331025529698
1.2113767040317254
1.5576323987538327
1.1118713650359386
1.2528570219250257
1.3695112556706122
1.1068728288264056
1.786542524865588
1.1999451453647223
1.1380042462845714
1.3514207023966678
1.39682312279507
1.3363556397592413
1.3186737909302684
1.441911562757454
1.2918359368360588
1.2765740157614294
1.1991434689507494
1.4331655480985164
1.3229919462864264
1.1960685745983837
1.2656518951028137
1.198062264511372
1.2623677925622874
0.9742823066974262
1.1853357040046624
1.4563023626363711
1.332387395961368
1.3460096776392219
1.2770290092671666
1.4142366489325728
1.3237974074201178
1.272811709867748
1.3643960841832803
1.2262098027702355
1.1201952818045264
1.3391598533971416
1.094999502273063
1.0965663765335216
1.3045520168375422
0.9939699158438574
1.4612343132198253
1.2776178389519834
1.273183992292248
1.4156631770277928
1.2316090806205613
1.4724989172803378
1.3843944139685334
1.4920059002052488
1.1441452210591523
1.2855673637298561
1.4373890251120707
1.4441674546548395
1.1605085758171703
1.439641689179602
1.5378766933923302
1.124382811608875
1.3751375137513875
1.2741924374957547
1.198540906722333
1.1003484436738342
1.0305136848725285
1.1796824968822006
1.310505888875816
1.2117854793477212
1.1346576825053951
1.06974753958068
1.4831617518759177
1.3504951815665116
1.3279507064697957
1.132616009860413
1.4006328785600708
1.340736029702467
1.372183635439634
1.2431880108993119
1.4901562034326856
1.5910499254718036
1.375726077652165
1.3918721539651242
1.2074586445414632
1.2418075198345129
1.1979483026253621
1.3452991161896939
1.3667503801273775
1.5237377801366319
1.26868742285006
1.2773155659888595
1.473157696392553
1.3753975758617518
1.6390083999181482
1.4430014430014546
1.1593521069964452
1.2010363227700194
1.4413425075928203
1.422109519566911
1.3475924742144771
1.2380225557533335
1.4003210492162272
1.4079912086402244
1.4673514306677264
1.3715539706488846
1.526167775567531
1.4946106099770824
1.1990407673861139
1.5764762329073214
1.3916330212182406
1.6109959039571682
1.3882461823230479
1.334017444843566
1.5127032695019582
1.4465549604780643
1.3587190203463866
1.233130095225144
1.8488802065163612
1.3787938107477973
1.8669939668436368
1.4744513176850074
1.5054830376540556
1.4240808600060364
1.2928028305578507
1.651754989676457
1.217408947955921
1.173770606681618
1.479139039069873
1.1816340310600626
1.0615532377374772
1.1502343387870078
1.1390102510922537
1.3319444681615353
1.282713651992632
1.0933955644043591
1.1331055676686623
1.2780532692604016
1.189687112289469
1.4290755116444034
1.298701298701349
0.9937292259192307
1.277227380993674
1.19603119788418
0.8813111197735617
1.1682836389495306
1.11539064814666
1.1723133091054667
0.9771484408482549
0.9209799226377278
0.8417219225614787
1.0896826083198705
0.8891523414344463
1.1385731051517516
0.6991814461118759
1.0006003602163127
0.8994672386355507
0.7369438121285221
1.1480656832730798
0.6093329496793088
0.9725800672275251
0.7961370047940981
0.8724136228211251
0.8170070862860714
0.8273482608084827
0.6619629623649266
0.8709313842687373
0.7335255283942717
1.2739069878045468
1.2046761796494954
0.879819975297429
1.044806796382733
0.9690910945629004
1.046148654349377
1.2431671511363718
1.0764262648008878
0.9416512527326821
0.9796635362475855
0.9906063193850917
1.011001062408019
1.1248782780969468
0.9402673778508563
1.0216069877918006
0.803589365834206
0.7614037516440296
0.9828419123772829
0.6688733771245224
0.7946756729909361
1.0215200217926033
1.0377976840725542
0.7947735690102802
1.0220624515402807
0.8771058815741645
0.8141941174475303
0.7607118847965014
1.0011464741882405
0.7761486155870913
1.0458063166703628
0.9784735812133399
0.6838576241785608
0.8238965045752248
1.0467668411278788
0.8420546132563614
0.8351072539710561
1.0292926565875498
0.9755568803860941
0.9275844421698233
0.9014104422214527
0.6819807382026614
1.1031059326416626
1.124803572905705
0.8076295214366546
0.8383520394197027
0.8245965366947131
0.8230729175414889
0.9609224855863508
0.8737157187930766
1.1573274372970392
0.8180377319904433
0.8528924535420014
0.8622661762894779
0.9683084144362826
1.0799709647151827
1.0045286125976807
0.7962457858269962
0.8142908036034362
0.9209830641447393
0.9820022687639514
0.791512293701521
0.9090296949702237
1.084598698481618
0.9151766799425313
0.7465410265767899
0.9868710899639545
0.8117020377103957
0.8733777009205987
0.8404294118580546
0.6862711457297628
0.8186156686523912
0.809293385712579
0.8610554552830255
0.9037425574142218
0.8164833581481697
1.0806545679097939
0.8743506660495094
1.1258044460874281
0.8170629989617082
0.9330292349159655
0.9293052176264824
0.9456500099542416
0.8473427331886968
0.9753593429158937
1.405901270583492
0.9483327970738412
0.9932187136105104
0.931890265833999
0.9998276159285039
1.05768585051376
1.0050077108352244
0.9149739648318821
0.8410140226216801
0.7013910923331983
1.2293426529214688
0.8146300914382488
0.8545985950399421
0.8083257552794076
0.7570022710069094
1.0751569382305475
1.0549241135236274
0.8606706610612002
0.9747970649748041
0.9447096260939417
1.14314963316839
1.09396099345352
0.8476548216601099
0.7615501776950865
0.9182567813265597
0.9059338668276667
0.9404439544047556
0.9425705244731085
1.0873129562831363
0.8634431455899784
0.9689002032792852
0.7675068308108723
0.962106506878175
0.8670225425862128
0.8383663832190874
1.3475272874276853
1.1179039301310043
0.9205332011541842
0.791413167136689
0.9891540130153093
1.1582452584334646
1.0197144799458018
1.4065662629938753
1.1783461565122701
1.0453901665881578
1.0406760805987008
1.0996766622353367
1.0878618415462893
1.3382118779010435
1.0895657059195152
1.052867770164311
1.1462863693066352
0.9743589743590956
1.0069310420058144
1.0979584834449654
0.7957200419870428
0.7533271951117362
0.8245469377730712
0.784801020241463
0.9430403621274972
0.9853083487289176
0.8227473178437816
1.2866700977870689
0.7113115891742816
0.9633911368017016
0.7655183890830866
1.0555886609349578
1.0050936099895924
1.1068439853092815
1.2315270935962137
1.10081799244672
0.9119287292624346
0.8187493603522118
0.9794798961751664
1.1046531389145753
0.8016590857601794
1.0192784211729013
0.8755312883045515
1.041186611364304
0.8995400465046085
0.9070769445462394
0.960646614548882
1.036903567968216
0.9840682739783276
0.8810274135069783
0.945989362081924
0.9240371707028504
1.067269859980782
0.924152300299045
1.1085529120834634
1.010928485524557
0.8259684480054371
0.8154666847882357
1.1886714443220383
1.0746729803704285
1.0341261633921206
1.1805379880260065
0.9471490812654586
0.8541282867193631
1.3066276970688278
0.9206690194875189
0.9921635892780223
1.2832577637094769
1.285573400958189
1.0572570786665405
1.1734095199227457
1.1799107371875746
0.8988535377520713
1.19045594462695
1.4196527837170152
0.9234557767289916
1.0832932113626277
1.1132996488823796
1.2300543273996203
1.1329049712548005
1.1159204653050139
0.9101788332856092
1.313164043181198
1.2507266545706013
1.0924439294878259
0.9332790334622845
0.9091703820264055
0.9214230867674047
1.0864659769001073
1.3996627318717694
1.0210615578977256
1.2280259063000973
1.1317842750578302
1.0958716460334954
0.9178442781936561
1.0825622896193983
1.0864114992478373
1.314756001775799
1.0549779645732857
0.9562599610413643
1.1011610771946843
1.234718188616311
1.3191925153184871
1.4783562007909115
1.1496027865001226
1.3480998617770479
0.9815535623625559
1.046389954656499
1.1968376515011712
1.0418592145724899
1.0771256133631708
1.195136314823222
1.1502418891031065
0.8869482158695962
1.1240365401084282
1.2527504296291736
1.1603539945618868
0.9892689470154356
1.3174779707417295
1.1105226290341361
1.2581000965116822
1.3880660177740844
1.2559480638942488
1.1016837674296438
1.1405808450512727
1.236709665229621
1.2304386253745803
0.9858637168734654
1.098575339599112
1.0934845145771364
1.211346276792585
1.0933008869843799
1.1186786431086095
1.1569477301376239
1.1289724665521275
1.3591631683985157
1.2248439174592167
1.4161889161887362
1.2018198987038475
1.3777150341027498
1.0960593242108618
1.2626262626261544
1.0729790851615617
1.214256396223952
0.9484612909234819
0.9383904045316183
1.2252607933563844
1.256454388984541
1.2246024354064744
1.154676439580343
1.2473302007688711
1.4126510751844308
1.2205872380822218
1.2051926586551114
0.9707925349401197
1.3034008472106886
1.2610340479191224
0.8080127935359135
1.3543398878812687
1.1144831370127666
1.2619802858215023
1.0087366855305886
1.3336524980337825
1.3009393796040916
1.2697323266985627
1.2207114034791033
1.233671988388911
1.1175355910791107
1.3298552503708607
1.3484910555784235
1.0181053060255338
1.1145827623379305
0.9501570174732087
0.8746763697432405
0.9929031838010043
1.1444028297961149
0.9835176015736019
1.1471178663608654
0.9812712538277439
1.4204302363389447
1.0963034019666877
1.4004167093622089
1.4214275928209386
1.2435056639127473
1.0378647662209342
1.158651262762033
1.203957355481464
1.0347129506008312
1.3137241520507523
0.979554035762609
1.3382457415698368
0.8882780813193825
1.3332877508461156
1.1944535807641077
1.096754292764861
1.2265131253937522
1.0829652943466872
1.4851231628002681
1.2256988185624098
1.0980903522468748
1.3387824126267456
1.3131976362442923
1.167044068977607
1.1182695196448798
1.1577226913646637
1.1254348270922812
0.8480901010922597
1.2273912821126278
1.0117291995335949
1.3234884368905202
1.385804685021537
0.9470349197602989
0.9672683305985508
1.543686322939091
1.1029043146954214
1.068394186578858
0.9287873414728222
1.1668820910529034
0.9809691975671273
1.0471383939300158
1.1908755451191806
1.206896551724138
1.1414747171869335
0.9843539529581972
1.2106135986732418
1.0652044843361947
1.1898178405645046
1.1991217699713064
0.9695361534928039
1.1659879572587195
1.1248210511964105
1.3437925184352482
1.2513713658803531
1.4312001635658438
1.4730639730638468
1.3238152691197644
1.0347050242563642
1.004255319148936
1.2890238734285007
1.178599292840389
1.2206286237412858
1.064395955295307
1.0411244143674327
1.384106407399934
1.3244808204989782
1.0263954701747482
1.1271681162833944
0.903742859578871
1.3260054087063868
1.1176352839127863
1.102984846685165
1.1519746909441022
1.2527887420628798
1.0243627609991532
1.184630704254386
1.2317621137732682
1.344040287182315
0.9730074317637131
1.0846176722703778
1.110061798963039
1.0188487009677905
1.1248593925760018
1.3376680551323048
1.0963409620392588
1.127585452464806
1.1946411809881152
1.1065713312906078
1.2341543398156403
1.2955304200509348
1.4429766546993992
1.1482040032903962
1.5057867735892647
1.1955168119553414
1.016120143290189
1.262031365686211
1.191811553561479
1.2396140444921706
1.1038089900996366
1.1548520770354702
1.0327555639707022
1.1977866252783989
1.1595017656047704
1.3336296954881954
0.9464036660690085
0.8636017272034502
1.1682650392326626
1.200060003000235
1.3745940651901112
1.2109469605231948
0.9993224932250406
1.1554111756727858
1.300189896156018
1.1388913604413262
1.1583326535606824
1.2533946104032654
1.1262965017566675
1.1530254009774867
1.1627503384126445
1.0601955471786573
0.9864663736111721
1.2897678417888927
1.3097465555364745
1.075103670711068
1.4325425925609512
1.160746291586466
1.1909348838838876
1.077586206896557
1.2628665340370007
0.9409392590103427
1.0993764192768471
1.0929696827026691
1.0993699133630308
0.9214073644336794
1.3203107808453933
1.3850415512465646
1.137543894356671
1.0924111562491492
1.1758806135328972
1.0700091715073716
1.103209490996218
1.3270473197137114
1.08486611765867
1.1359724612736946
1.3333333333331632
1.0564160234456474
1.1177285087502635
1.1977058029689844
1.0365607266466075
1.238829883880398
1.1909487892022534
1.3036705946092708
1.3162843174128978
1.0833668245119226
0.9730074317637131
1.1148272017836336
1.1059688286939884
1.1779970635436876
1.0468646404020236
1.055287153527714
1.0803840591075544
1.0925838768238045
1.1532656072451555
1.417398135182455
1.1466908555682234
1.064836725035679
1.2738853503183885
1.1009485094852143
1.2891692593292148
1.2016135953997407
1.3174562959209137
1.3746413045345953
1.2860263547321373
0.9874357315535979
1.213343359081511
1.103457500167226
1.1805567437165272
1.245980030644458
1.1862600144414785
1.2297015025941358
1.2624108635572215
1.2603038354114364
1.2296714525708679
1.2747529074844606
1.202485135947548
1.1496619650641782
1.181284347126249
1.1451621173536648
1.1808835787718286
1.0763735994911208
1.1934191458531882
1.0377149856250412
1.5406664278036626
1.1446012972148831
1.3586725768926837
1.2525224410269808
1.2903442035058919
1.2159824624502111
1.232496833167751
1.3273658594694164
1.2120591348291994
1.1918333506059762
1.1973999315773136
1.1039189121380182
1.2032015624182277
1.2919246321371507
1.159657559944371
1.4204059280555572
1.2933748574736852
0.9089194148617797
1.0304924402400168
1.0367097212781038
1.1721935308508917
1.2508781850272293
1.2802300906686626
1.2918139787871672
1.1516314779271863
1.082790505818037
1.3229532386912364
1.0029919760643067
1.1241122068367206
1.1330277591801667
1.1952123209315269
1.2672751870944219
0.9952598640374585
1.1298854707000063
1.170939722819398
1.2793035272226143
1.235139725181611
1.0375208354594991
1.2734907413784387
1.064440915081373
1.2395992528442983
1.1970230557053196
1.047939053195217
1.1564137157677405
1.1135487302223541
1.0740222987486223
0.9643038402977404
1.1248402215592423
0.9180394756977402
1.0428818892071807
1.002283892805083
1.3023957226581102
0.8796895213454295
1.1529918442784406
1.4556533513879055
1.1824990145842535
1.271739877638118
1.1779752288639214
1.1449104327759758
1.232614308320523
1.3156048273924412
1.1693952555963802
1.610961319971094
1.237020001394282
1.0209888528099953
0.9640918086025304
1.001663780516759
1.1984068238697858
1.1083309543404114
1.151839555525299
1.242045802565657
1.2065596057438797
1.011763898892483
1.071665504277953
1.303648522814119
1.5611296263818786
1.3501198231342846
1.0813779845175822
1.1132043158075124
1.3258147887085292
1.1283208534210276
1.0186065462448237
0.985087808689448
1.1781982105047775
0.9125475285170653
0.7963132391312091
1.2789468299176041
1.4149396925095923
1.104334086545601
0.9741035490454615
1.1143302874972265
1.0321337645359232
1.1604244799112864
1.4470548178419227
1.08885393802153
1.0062935989494652
1.2781916951182146
1.2739298117027058
0.9486087072295734
1.0377856037018338
1.3307173931592895
1.1720500534317666
1.1738886336958076
1.2902568629783104
1.0824184320399666
1.2033694344165198
1.1496027864998357
1.0814530796837758
1.2643305028274519
1.2266176019628094
1.1406252700344397
1.1192809050679637
1.3026052104207404
1.0646518416759574
1.075434014441707
1.076064294841442
1.188814803328734
1.2671666837908337
0.964472345947496
0.7550266721380187
1.021485239538078
1.2056581025319726
1.0965288010146654
1.1654027395407471
1.349125696464399
1.0391822827941763
0.9157051762314833
1.0762065574379582
1.2931860272051316
0.9565363315990841
0.9986290008633731
1.117488698125638
1.3748066678126276
1.178842342650336
1.3398527901999964
1.0867384471345214
1.235160914018741
1.0285067795738636
1.244555071561863
1.0315767388192254
1.0786759253015208
1.0162601626016239
1.0999266715554814
1.2816245006657416
1.3067175598773826
1.187546254065998
1.061678463094097
1.3031380974182094
0.9052007899937116
1.1676024657016495
1.0087593940719914
1.1622916815678614
1.2309611344537839
1.1278002768238322
1.149365236926066
1.1246139384989815
1.0744252677536241
1.2284162081730854
1.0003834803343883
1.083404987102159
1.0741499110473152
1.2283964308259772
0.9045912271719263
1.1908812521265972
1.2066621346020845
1.1730609991720888
1.0279917086574175
1.1378496340199742
1.1765325653677958
1.0242177949582112
1.2697261019407597
1.1952834760137816
1.110997162684284
1.2116868045599347
1.163344085453355
0.9343343277709087
0.9911141490088169
1.2975620453965506
1.0193355206575887
1.097694840834178
0.9781765440014116
1.0354778475640194
0.8909601809336529
1.2258448965693247
1.1172806067172243
0.9917411897473216
1.1655411196052943
1.0853274071010313
1.1070557506359417
0.9172475901404293
1.0934083099033893
1.3122498523720494
1.3324450366424716
1.0792368750866874
0.9830384218068504
1.1361252884013329
1.382526859331976
1.2007890899737468
1.2203716117501713
1.2135922330095326
1.150313331616827
1.11308993766709
1.2600762950303674
1.1530170613105546
1.2682308180093858
0.9041294055760888
1.071137105549398
1.0793030785838273
0.9701394369901672
1.0350737277927538
1.178640975710014
1.071329831351893
1.2235949900584262
1.2198427758199044
1.1548913043480202
1.0880837824514598
1.1936683677880973
1.0460609802108722
1.0662579344586975
1.2716524608191377
1.0998307952624298
1.1920186576837453
0.9869316634903955
1.101694915254509
0.9187989737189804
0.8135210519324788
1.3692534145758855
1.2202355732564074
1.2024185790847806
1.247010591048992
1.168103892534297
1.1926158601115744
0.9331904745447258
1.3374189507189094
1.2036550426366415
1.1383537653238769
0.9860196499633739
1.0613833362815428
1.1474567562938973
1.1626117731536094
1.2730744748572482
1.191874819090434
1.0256936253140656
1.2612885323645922
1.0012728044125865
1.0189179091804745
1.18723975360469
1.1321583669882185
1.0939609934533838
1.0443238431118718
1.0937973277691335
1.124552734707742
1.1937651352367042
1.3529482283231196
1.399962440032002
0.9941891359126364
1.2076062183217122
1.1203419628394695
1.0915380610925627
1.1384296467469257
1.053794510070943
0.8618906433149236
1.3789346453078364
1.0347752332485667
1.1561283302447465
1.1016388997170201
1.073381834290303
1.0736745232374567
1.2409727847773955
0.8333475059099776
0.9893850720240938
1.2958668667306217
1.1230601687991375
1.3613240667770274
1.1798249926258508
1.1218032988032651
1.193376758987644
1.2512426725171362
1.252573781743646
1.1687981705764192
1.3462390511570679
1.1984249272387135
1.073946406610242
1.1711390600335811
1.0575793184487596
1.2455424934743864
1.1968266994939634
1.2781839562350676
1.0440557286138525
1.0168556754335052
0.8989512235723942
1.1739968459787784
0.9261442090728672
0.8797902038734383
1.1402890968207942
0.9939335778153049
1.0471027342859676
1.5947048938506705
1.1842357325671622
1.2753175708507942
1.2970611325343953
1.7156906096805005
